3243.6880
3249.8000
3251.9150
3257.3660
3262.6680
3272.0260
3281.7010
3287.7890
3304.2380
3307.2280
3309.3650
3321.4500
3322.0930
3327.1930
3330.4770
3333.1290
3336.1610
3337.8700
3348.7680
3360.9980
3372.8230
3373.4920
3374.9740
3376.4350
3380.8590
3385.5310
3386.5000
3388.5300
3392.0340
3396.7270
3397.5160
3398.5440
3401.7110
3402.6950
3405.5580
3408.7490
3413.0130
3415.8840
3417.4970
3421.2100
3422.6560
3423.9890
3427.0920
3428.9990
3433.9980
3434.7270
3435.9770
3436.7270
3437.3070
3439.3980
3442.5790
3451.7020
3454.0950
3457.0690
3464.1270
3465.7650
3468.2190
3469.3450
3469.9200
3471.2180
3471.9590
3476.7470
3478.2320
3480.5050
3486.5510
3491.5360
3509.7780
3511.1570
3514.3870
3518.4040
3519.9930
3526.6340
3530.5140
3531.4500
3535.3190
3539.5870
3548.5140
3551.4010
3554.3050
3555.0130
3556.9040
3559.5080
3561.0300
3565.0290
3569.8200
3576.6150
3581.6080
3582.3540
3588.4400
3591.4520
3598.1190
3606.5210
3609.4450
3612.4270
3612.8660
3622.7950
3635.9430
3642.2490
3656.6930
3659.6290
3660.4370
3661.6210
3663.2020
3666.9810
3668.1390
3678.2700
3680.0600
3690.6230
3692.5660
3700.9870
3718.2060
3719.4340
3727.9020
3729.3080
3737.8890
3742.9230
3751.0210
3753.5170
3758.4670
3765.2700
3766.1180
3770.5200
3771.3700
3786.3820
3789.1680
3790.7950
3792.3740
3799.3820
3809.4560
3826.8070
3828.3840
3830.7730
3834.6780
3836.5850
3837.8750
3839.6950
3845.4050
3850.5810
3852.1350
3859.8390
3868.5280
3869.6630
3873.8220
3879.6440
3880.3330
3886.9150
3891.4010
3891.9790
3894.6600
3895.4190
3898.4370
3903.1020
3905.1860
3911.9090
3916.4170
3919.0230
3923.7990
3925.7180
3928.6230
3929.6690
3944.2530
3947.5040
3948.0300
3948.9780
3950.3950
3967.3920
3972.1540
3974.4760
3979.3550
3990.4920
3994.7910
4008.2100
4012.4950
4013.8560
4019.1280
4022.0670
4024.8020
4027.0090
4030.8420
4036.0470
4042.8930
4044.4170
4045.9650
4052.9200
4059.2520
4063.4070
4071.9960
4075.5030
4079.5730
4086.5200
4094.7470
4097.7470
4100.3410
4103.9120
4108.4190
4109.3230
4110.8260
4112.7540
4115.7580
4116.7130
4131.7230
4134.0680
4158.5900
4164.1790
4165.7660
4170.5330
4181.8830
4190.7120
4191.0290
4198.3170
4200.6740
4208.8900
4210.9230
4217.4300
4218.6640
4222.6370
4228.1580
4235.4630
4237.2190
4250.3140
4251.1840
4257.4960
4259.3610
4266.2860
4272.1680
4275.1590
4277.5280
4282.8970
4300.1000
4300.6490
4307.1760
4309.2390
4312.9970
4315.2540
4331.1990
4333.5610
4335.3370
4337.0700
4345.1680
4352.2040
4362.0660
4367.8310
4370.7530
4371.3290
4374.1230
4375.9540
4379.6660
4385.0560
4391.1100
4400.0960
4400.9860
4408.8820
4414.4860
4426.0010
4430.1890
4430.9960
4433.8380
4439.4610
4448.8790
4452.5650
4458.0010
4474.7590
4481.8100
4486.8970
4490.9810
4493.3330
4502.9260
4510.7330
4515.1180
4521.1930
4522.3230
4530.5520
4540.9990
4545.0510
4545.9150
4555.8120
4561.3470
4570.9720
4579.3490
4588.4260
4589.8970
4592.6660
4595.4200
4596.0960
4598.7620
4609.5670
4628.4400
4637.2320
4638.6840
4657.9010
4663.2020
4668.1710
4669.9840
4673.6600
4676.0550
4686.1940
4695.0380
4702.3160
4703.9890
4708.2940
4723.4380
4726.8680
4729.1280
4732.0530
4735.9050
4749.2000
4764.8640
4778.2940
4789.3860
4806.0200
4808.1330
4809.6140
4822.8540
4826.7000
4831.1210
4840.8490
4847.8090
4863.1720
4865.4770
4872.9160
4878.7330
4879.8630
4889.0420
4894.9550
4904.7510
4919.8150
4933.2090
4939.6420
4945.4580
4965.0790
4972.1590
4982.4870
4985.3720
5002.0970
5009.3340
5017.1620
5019.8060
5028.6550
5039.2300
5044.7190
5047.0430
5049.7960
5050.7840
5051.8880
5062.0370
5064.9450
5067.9730
5081.4460
5096.4840
5100.6210
5111.2780
5115.0440
5118.2020
5134.7460
5141.7820
5145.3080
5154.2430
5158.6040
5162.2840
5176.9610
5187.7460
5195.8130
5199.1630
5211.2300
5213.3490
5219.1090
5221.2710
5231.1590
5247.6540
5254.4640
5258.3600
5260.1040
5266.7100
5274.1180
5281.0680
5286.8870
5312.0010
5312.5280
5315.2270
5317.4940
5326.9750
5343.5810
5360.1500
5374.8210
5379.1100
5386.6100
5394.7600
5402.6040
5407.6530
5410.7680
5417.4850
5421.3510
5424.0070
5431.1120
5434.1510
5439.9890
5451.6520
5464.2050
5467.1700
5470.7590
5492.6430
5495.8730
5499.2550
5504.3010
5506.1120
5509.9930
5514.8730
5524.9570
5539.2610
5542.8900
5548.1750
5558.7020
5571.1910
5579.3580
5587.0260
5595.0630
5597.4750
5601.6030
5606.7330
5615.3190
5650.7040
5659.1270
5665.1790
5681.9000
5691.6610
5707.1030
5720.1820
5725.3880
5739.5190
5741.8290
5748.7410
5753.0260
5760.5500
5763.5290
5768.1810
5772.1140
5773.9460
5789.6450
5792.4300
5800.8290
5802.0790
5804.1410
5832.3700
5834.2630
5843.8060
5845.9180
5852.6800
5853.4740
5854.1200
5860.3100
5863.7180
5882.6240
5885.7010
5888.5840
5891.4510
5899.8440
5905.5700
5912.0850
5914.6700
5928.8130
5938.8250
5971.6000
5973.6640
5975.0640
5987.3010
5991.0070
5994.1280
5998.9980
6007.0720
6010.1600
6013.6770
6021.0350
6025.1500
6032.1270
6037.6970
6043.2230
6046.8970
6049.0510
6052.7220
6059.3720
6064.7500
6069.0200
6085.3740
6088.0300
6098.8030
6105.6350
6114.9230
6138.6460
6145.4410
6151.9920
6155.2380
6157.0870
6161.3530
6164.4790
6169.8220
6172.2770
6173.0960
6178.4310
6182.6210
6188.1250
6191.9050
6198.2220
6203.4920
6207.2200
6215.9380
6224.5270
6226.3690
6234.8550
6243.1200
6248.4050
6257.4230
6261.4180
6274.1160
6296.8720
6307.6570
6327.2770
6337.6200
6339.6680
6342.8590
6348.2320
6348.7370
6355.9100
6364.8930
6369.5740
6371.9430
6376.9300
6384.7160
6387.3950
6406.4460
6411.8990
6416.3070
6418.3700
6422.8960
6431.5550
6443.8590
6457.2820
6483.0820
6490.7370
6493.1970
6512.3630
6522.0430
6531.3410
6538.1120
6554.1600
6577.2140
6583.9060
6588.5390
6591.4840
6593.9390
6598.6770
6604.8530
6632.0830
6638.2200
6639.7400
6643.6970
6656.9380
6660.6760
6662.2680
6664.0510
6666.3580
6674.6960
6677.2810
6684.2920
6713.9700
6719.1990
6722.8890
6727.4580
6756.4520
6766.6110
6778.3120
6791.2350
6827.2480
6829.0350
6834.9240
6851.8840
6861.2680
6863.5350
6874.7530
6879.5820
6888.1740
6925.0090
6937.6640
6943.6100
6945.4900
6951.4770
6989.6550
6992.2120
7000.8030
7018.5670
7025.2250
7036.2830
7084.1690
7086.7040
7124.5600
7125.8200
7142.3310
7158.8380
7162.5560
7173.3720
7191.1320
7200.0450
7229.9380
7244.6960
7250.5895 
7253.676 
7255.3541
7256.986 
7258.1770
7265.1724
7270.6636 
7272.9359 
7284.9033
7285.4437 
7296.2659
7298.1434
7305.4043
7311.7159
7315.0661
7316.005 
7323.2106 
7324.8073
7326.1491
7328.285 
7329.4916
7335.5772
7339.6035 
7341.1515
7342.5769 
7345.3996 
7346.3428 
7348.053 
7350.814 
7353.293 
7358.3449 
7361.3472
7370.8255 
7372.1184
7376.8772
7380.4263 
7383.9805 
7385.5006
7392.9801
7393.4377 
7402.2521
7410.9683 
7411.7363 
7412.3368
7417.7908
7418.5499
7422.3118
7423.8044 
7425.2942
7428.9405
7430.2533
7435.3683
7436.297 
7440.4933 
7444.7489
7447.8488
7455.208 
7458.7541 
7461.8746
7462.991 
7469.0566 
7471.1641
7481.3545
7483.6256
7484.3267
7487.9738
7493.4276 
7495.5641 
7499.0024 
7500.6556 
7503.8691 
7508.4787 
7510.4082
7511.3498 
7511.7902 
7514.6518 
7518.7824
7523.1347
7525.5079
7528.4892
7531.1437
7536.4365
7537.4287
7549.3138
7555.3254
7565.8515
7566.5296
7567.7417
7569.5115 
7570.559 
7571.0326 
7573.3437
7589.3151
7598.2054
7607.8230
7618.3443
7620.0773
7625.7053
7627.1749
7628.8818 
7630.3106
7632.1305 
7635.106 
7637.3852 
7638.7805 
7647.3794
7651.7451 
7652.3202
7653.8284
7654.6998
7658.3246
7660.0234
7660.8903
7666.5679
7668.9608 
7670.0575
7672.2552 
7676.2195
7678.1267
7683.0189
7685.3075
7691.7706
7693.8016
7699.4034 
7699.7794 
7701.1081 
7703.685 
7704.8169
7710.2692
7712.405 
7713.9378
7721.2023 
7723.7611 
7724.2072 
7728.951 
7731.7385
7742.5628
7743.9552 
7761.7133
7762.732 
7771.9468
7776.6727
7778.4922
7782.3165
7787.8002 
7788.9342
7798.3579
7810.6245 
7813.4761 
7813.9729 
7814.323 
7816.1534 
7817.7669
7822.3877
7834.4578
7835.6209 
7836.4597
7840.2981 
7841.7911
7842.2656 
7847.5394
7848.4547 
7861.91 
7861.911 
7864.0218
7865.9698
7868.1946
7872.6316
7875.4626
7877.0756
7886.283 
7891.075 
7893.6191
7896.4528 
7899.6229 
7900.32 
7916.442 
7924.9914
7925.7478 
7937.7335
7941.7259
7948.1764 
7954.5923
7956.974 
7972.596 
7974.1592
7978.9731
7981.2262
7987.9731
7991.3655
7993.6808
8000.0449
8006.1567 
8014.7857 
8017.5275 
8022.2014 
8024.253 
8025.7271
8026.2135 
8030.2004
8032.4313
8037.2183
8046.1169
8050.648 
8053.3085
8054.5355 
8062.6304
8075.6518
8085.219 
8089.4852
8092.2373 
8093.6238
8094.0559 
8103.6931 
8115.311 
8119.1811 
8122.7234
8129.4051
8138.4753
8139.9032
8143.138 
8149.7021
8152.3818
8157.5434
8159.7277
8163.121 
8166.4477
8169.7865
8177.1788 
8186.9113
8190.8849
8194.3943
8198.442 
8202.1469
8207.4785
8209.4461 
8214.1472
8217.2264
8231.4069
8234.9381
8252.3936
8253.6156
8254.7422
8259.5110
8261.0143 
8264.5225 
8275.6266
8288.4143
8292.5272
8295.5497
8297.1765
8304.4244 
8311.6306
8320.8554
8330.4494
8335.7067
8341.4770
8356.0627
8356.0693
8358.726 
8360.4915 
8366.0741
8367.3936
8369.3404
8379.2261
8384.724 
8385.728 
8387.1053
8388.5363
8398.178 
8399.2578 
8401.989 
8403.7965 
8408.2096 
8411.9172 
8416.7269
8417.9982
8421.2254
8424.6475 
8432.4935 
8445.4870
8446.5116
8450.6754 
8456.3468
8464.2367
8465.6706
8471.8260
8478.358 
8490.3065
8500.6797
8510.6240
8511.9091 
8516.5542
8521.4422 
8539.793 
8542.0871
8543.7225
8544.5955
8554.9440
8556.325 
8558.4464
8560.4348
8568.2088
8573.1205
8575.3305 
8577.2768
8587.6342 
8591.8387
8593.1089
8599.7553 
8604.0163
8605.7762
8616.2219
8620.4602
8621.3225
8629.1415
8631.3565
8638.3623
8639.4416
8645.3087
8649.149 
8655.876 
8662.1372
8665.4855
8667.9442 
8675.3983 
8678.4083
8687.848 
8701.1209
8703.7025
8704.8601
8707.3592
8709.2341
8710.4142
8712.8528 
8713.6547
8719.629 
8721.6595
8722.4577 
8723.7177
8724.3761
8732.424 
8734.0234
8739.7816
8748.0309
8749.1697
8751.2062 
8758.2434
8760.4496
8761.6862
8766.7450
8771.8602
8772.8052
8775.5733
8782.7156
8784.5621
8790.3761 
8792.0572
8798.172 
8799.0875
8804.5894
8810.254 
8816.1728
8817.7431
8829.6938
8841.1822
8842.0744
8849.9165
8852.7916
8854.9079
8868.8334
8875.2324
8889.1939
8892.9865
8899.2971
8905.6581
8907.0331 
8910.8566
8920.2012 
8928.0925
8941.6608
8949.1227
8955.8467
8957.9860
8962.1468
8967.6403
8969.8667
8985.2808
8987.4079
8990.8935
8995.1893
8997.8763
9008.4636
9009.8832
9012.5263
9016.5903
9017.5912
9031.8194
9035.9195 
9037.8938
9038.6911 
9040.1229
9045.3532
9048.2501
9053.4858 
9056.0813 
9062.5631
9063.96 
9066.1115
9068.023 
9069.5817 
9072.2785
9075.3945
9090.8186
9094.8289
9107.2269 
9111.5314
9122.9674 
9132.2739
9134.6919 
9140.5559
9159.0346
9165.8950
9170.822 
9178.7795
9187.5654
9193.5928 
9194.6385
9199.6841
9203.9617
9208.5811
9215.9197
9224.4992 
9227.5119
9232.496 
9233.8574 
9239.3261 
9250.5782 
9260.3254 
9263.693 
9266.207 
9266.9198 
9267.6895 
9270.1501
9276.2732
9289.5624
9291.5313
9294.974 
9300.0131
9307.8956
9310.4440
9317.7296
9336.1509
9336.1624
9340.7053
9354.2198
9360.9879
9383.2722
9388.9308
9390.5852
9399.0891
9409.3488
9414.0886 
9420.4985 
9431.5996
9432.2827 
9436.8127 
9455.2023
9461.0279
9467.1954
9470.6819
9474.8793
9486.9256
9494.0442 
9495.4979
9497.1891
9500.2999
9505.393 
9507.6525
9508.4513 
9535.6566
9548.0303
9561.2452 
9577.3475 
9582.8133 
9595.3906 
9613.6911 
9629.5693 
9632.6439 
9657.7863 
9664.6983 
